Starting [aoc-13], [part1=true, debug=false, input=input.txt]...
Reading file: input.txt ...
Pair 1: (Y): [[0,[[],[],[10,6],0],[5],5,9],[[5],7]] vs [[[[7,10,2,0]],[[5],[10,1,7],[],[],9],[[0,6,2]]],[]]
Pair 2: (N): [[5,[[9,3,4],[6,3,10],[5,9],8],[[6,6,1],5,10,1],8],[[[]],3,[[3,3,7],5,6],3,6],[],[8,[9,[7,10,2,3],9],10,[4,3,2,[7],7]],[5]] vs [[[3],[[10,3,2,2],[0,1,1],[1,3],2],[7]],[[8,1,9],9],[2,[7,[10,7,6],8,0,[7,7,10,8,6]],[10,[],5]],[]]
Pair 3: (N): [[7,6,[[]]],[[[],8,5],[6,[1,4,7,9],[0,5,1,10],[6],10],[[8,2],9,10],[4,[2,9,3],1,[4,9,6],10]],[[7,[9],[4,6]],[[5,4],3,[7,10,0,0,1]],3]] vs [[6,5],[0,1,[5,[]]]]
Pair 4: (N): [[9],[7,[0,[1,9,4],[4,0,9]]],[],[]] vs [[6,[9,2,[],[9,7]],[[5,10],[],[6,0,1]],1],[[[10,1]]],[0],[8,[[],[2,2,2,4],[8,9,0],9],[4],7,0],[[],9]]
Pair 5: (N): [[4,[3,[9,9,7],[0,8,1,7,5],[2],[1,0,7,0]]],[[],8,[],[[9],9,3,9,1]],[],[]] vs [[],[9,[],[[],[],[7,4,4,5]]],[],[[],1,6,[1,[3,4,10],2,[6,8,7,9,0]]],[[],[1,[1]],0,9]]
Pair 6: (N): [[[1],10],[[6],10],[[],[7],8,5,8],[[1,8,0,[7,0,8,4,6],8],[],[],[[9,1,9],7,[2,7,8,10],[9,1],[9,6,10]]],[2,7,[7,[9,4,3,2,7],3,8,[1,0,4]],4]] vs [[[[],1],[7,7,[0,1,5,0]],2],[[6,6,[9,5,6,9],[],9],[1],5],[[],[[7,7],[7,4],[1,10,4,10],10,0]]]
Pair 7: (Y): [[[],[9,[3,2]]],[0,[]]] vs [[[3,[6,5],[],4],[[6],9],[1,9,4,[8,2,2,4,6]],9,[[10,7,8],[3,6,1,10,7],[],[3],[10,10,4,5,7]]],[[6,[10],[7,10],4,[10,0,6,9]],4,9,[3,1,[5,3,0,1],[4,6],2],[[10],[6],[8,3],2]],[[[9,6,7],[3,1,1,9],2,[]],[0,[9,5,9,5],0,5,[4]],[[7],3,4,1,[9]],4,[2,2]]]
Pair 8: (N): [[10,4,[[10]],9,[[6],5,6]]] vs [[[[],1],3],[1,0,[[1,9]],7],[[2,8,8,9],[7],9,4],[[[9,0,4,1],[6,10,4]],[3,10,8],8]]
Pair 9: (N): [[[9,7,5,4,2]]] vs [[2,10,[10,[4,10,0,8],8]],[10,[3]],[5,10,8,[[3],[],[5,0,6],[6,5],1]],[[[7,6,8],[10],[10,3,10]],[[10],[],9,6,0],7]]
Pair 10: (N): [[[],3,4],[2,4],[],[],[[[2,1,4,5,10],[2,9,6]],3,[]]] vs [[],[[],9,[]]]
Pair 11: (N): [[0],[[[],8,2,10],[[],[7,8,9,4]]],[2,[[7,10,4,0],1,10],10]] vs [[[[0,5,3,8],4],[5],[[0,2,2,8,0],8,7,[4,8,10]],1]]
Pair 12: (N): [[[[7,6,3,6,6],7,7,6,9],[4,[7]],7,[[6,7,6],10,[4,5,10,9]]]] vs [[[4,[8]],5,[[],8,4],[9,[4,4,9,1,5],[9]],4],[[[6]]],[10]]
Pair 13: (N): [[6,0,[3,1]]] vs [[[[3,3,7,10],[8,7,8,0,4],[6,6,1,0,10]],[4,[8,6,1]],10,5,[[],[3],[]]],[[0,1,8,4],[5],[0]],[],[]]
Pair 14: (N): [[[1]],[9,[7,1,5],[9,3,[1,4,5],5],7],[[],1],[[[2,4,4],[5,10,2,7],0,[3,2,3,0]],[[8,8],[4,5,0,7],[3,5,7,0,1]],[7,10,[],0,[]],6,10]] vs [[[]],[5],[],[[6,1,[7,10,0]]],[[6,[9,10,4,9],7,[]],2,[6],[]]]
Pair 15: (N): [[9,9],[10,8],[9]] vs [[[[0,6,0],2,[8,10],[5,8,0,5]],[[5,7],1,[],6,0]],[5,6,[[9,4],3,[9,5,0,9,6],1,6],6],[2,[],[[4,5,1,9,2],[],[9,5,7,1]],[3,[5,6,9,10,1]],[[0,7]]],[[]],[10]]
Pair 16: (Y): [[0,[]],[],[[[1,9,1],7],[8],[[9]],[[10,9,10,1],[0,0,8,0,1],[10,4,5,6,9],[6,6,5],5]]] vs [[[[8,7,8,9,10],[5,1,8,5]],[3,3]]]
Pair 17: (N): [[[[9,2,9],10,[10],[],8],[[7,10,7],8,[4,8],5],[[3,2,7,5,9]],10,[9,[1],5]],[],[2],[],[[],[[],4]]] vs [[[7,[0,5,7]],6,[[4,6],2,[7,9],10]],[9,10],[[8,10,1],[],0,[[0,10,3,3],0,0,9],1],[[8],9]]
Pair 18: (Y): [[[[2,7,1,2],5,6],[9],8,[]]] vs [[[10],[2,3,[6,2]],2],[10],[]]
Pair 19: (Y): [[[6,3]],[5],[],[[[0,3,6,1,3],5,7,2,6],3,[1,7,[6,2,7],[7,7]]]] vs [[[10,[],4],4,[10,[0,5,1,0,10],10,5],[],10],[[],[2,[4,3],5],5,3],[3,[7],3,[[7]],8]]
Pair 20: (Y): [[0,3,[[5,3,10,10]]],[[9,[8],[7,3,2],6]],[1],[[6],3,7]] vs [[[[1,4,7,0],[],9,[5,2,4,3],[1,2,5,4,10]],8,0,[4],[]]]
Pair 21: (N): [[10,3,[5,2],[[4,8,4,10,6],[6,6,1,6],8,5,0]],[0,[[1,10],[],2],4,[[4,9,6]],10],[3]] vs [[],[[[5,8],[2,10,2,2],[5,9,3,6,10],[8,6,8,4,7]],10],[9,7,[2],[2,9,[3,3,1,10,10],4,[]]]]
Pair 22: (N): [[[4,9],[10,[],[7,3,5,6,2]],2,[[8],0]],[[0,[1,2,5,7],[10,0,3,9,7],[8],7],9,[3,[2,2,3,3,0]],6],[[3,10,6,[7,4]],[2,0,1,5,10]]] vs [[3,10,[4]],[8,[8,5]],[0,2,[1]],[[9,[4]],2]]
Pair 23: (Y): [[0,1,[9],9,6]] vs [[3],[],[],[[5,6,[2],1],0,[8,[3],1,[6]],3,[1,10,[6,9,0]]]]
Pair 24: (N): [[10]] vs [[[0,10,[6,1]],7,5,[[8,2,7,3],[2,8,1]]],[0,[[8,1,6,2,0]],[5,[8,0,10,7],[6],2,1]],[7,1,3],[8,[[8,10,10],9],3,8,1]]
Pair 25: (N): [[6,0,10,2]] vs [[1,[8,[]],[[8],[3,8,10,1],[10]],2,[1,7,3,[10,1,4],10]]]
Pair 26: (Y): [[[6,7,10,[4,8,9,10,8]]]] vs [[9,[[],[6,3,6],3,7,[0,3,9,6]],6]]
Pair 27: (Y): [[],[[[2,5],[3,3],9]],[]] vs [[6,10],[]]
Pair 28: (Y): [[],[[3,[7,0,10,5,10],[2]],[8],[[10,9]],6,[]],[2,[[],9,2,10],2,8],[6,9,0]] vs [[10,[],[],[[3,7,9,0],6]],[],[[4]],[[1,4,6,4,[10,1,0,2,2]],[[3,5,4]]]]
Pair 29: (N): [[[[10,4,0],[8]],[[5,0,2,9],9,[8,1,10,10,4],10,4]],[8,[7]]] vs [[[[7,3],6,[0,7,7],[9,4],[4]],[[7,4,7]]]]
Pair 30: (N): [[[],[9],4],[[2]]] vs [[9,[]],[2],[[8,9,5,7],[[],[10]],7,[[8,1,6,3,8],[1],[6,8,10],2,[8,5,7,4,6]],[]]]
Pair 31: (N): [[[[9,2],4],7,[[5,7],[0,2,4,10,7]],9,6],[],[[5],[5,0]],[7,8]] vs [[],[10,[[],[],8,[],4],0,[],[]],[[1,[6,9,6,7,6],9,[]],3],[[4,[],[],5],1],[0,[],2,[[9,8,6,7]]]]
Pair 32: (N): [10,7,3,6,3] vs [10,7,3,6]
Pair 33: (Y): [[[[1],[2,9,3,7,1],[0,2,10]],[4,3,3,9],7]] vs [[[[9]]],[5],[[[8,9,5,7,2],5,10],9]]
Pair 34: (N): [[[6],[[0,10,8,6,2],2,1,1,[3,7]],5],[[0,[8,3,4,6,7],[1,8,3,3,3],[5,4,8,9,4],5],2,2],[]] vs [[],[1,[[4,8,6,6],[4,10,3]],[[],8,3,[2,4,4,1]],[[4,2],9,[]]],[[[9],[],[9],7],9,[[6,0],[8,1,7,4,0]],[10]],[[0],[9,6,5,[9,0,3],[1]],1,[4,[10,9,10],9],[10]]]
Pair 35: (Y): [[0],[]] vs [[[9,1,7,10,[6,6]]],[[[6,3,2,2]],[5,9],10,5],[[[0],3],[7,10,0],[6,[2]],[6],[2,[2,4,6],[5,6]]]]
Pair 36: (N): [[6,8],[],[[],9,2,10,[[7,8,8,6]]],[]] vs [[3],[[[8,1,9,4,10],[1],[10]],6,10,[[4,6,2,7],0,1,[3,8,6,9,6]]],[],[[[],[5,9,3,9,3],[4,8,5,3],3],[8,8,2,6],[2,10,3]]]
Pair 37: (Y): [[[0,[],[6,1,3,1],[]],4,[0]],[2],[6,6,6,[[1,0,2,9]]],[7,7],[[[7]]]] vs [[[2,5,5,3,[5,0]],[[6,7],[3],1]],[[[8,10,7,5,1],6,[8,10]]],[6,0,6],[3,[[10]],4,4,9]]
Pair 38: (Y): [[],[9,[[8,9,10,0,8],[5,6]],8],[[[8],[4,8,9],10],5,1]] vs [[9,2,[[7,9,8,9,6],8]],[[[7,3,1,8],[10],7,[10]],6,[[],5,6,6,1],[0,7,[10,4,3]],7],[[0,9,[],9,[8,6,8]]]]
Pair 39: (Y): [[3,4,7,7,0],[[10],5,[[4],[10,7],[8,5,5,7],[8]],[]],[[10,[1,0],0]]] vs [[[7,2],[[10,6,8],[7,7,6,0],10,[10]],[10,9,9,4,[0,1,1,4,5]],8,[0,4]],[[],7],[[[7,1]],5],[8,0,2,[[7],[0,3,6,10]],[]],[7,1]]
Pair 40: (N): [[4,2,[10,2,10,7,0],[[7],1]],[6,[],[[3,0]],3,8]] vs [[],[[[6,8,0,2,1],[]],[[8,4,6],2,[10,2,10,5,5]],[7,[],[10,6,0,10]],3,[1,4,[6]]],[8,[8,[10,4],10],[9,8,5,1,6]],[[[],4,0],1],[[6,[10]],[[2,5,8,0]],1,8,[[],3]]]
Pair 41: (Y): [[[],[[0,7,7,1,10],9],[],[8,1]]] vs [[],[[10,2,[2],9,[0,2,5,9,4]],8,10,[1,[7,9],[5],10,[3,7,0,7,8]]],[],[],[[[10,10,2],[],[2,6,6,9,5]],[3,[10,1,6],[9,5,4,3,5]],2,[2,3,3,[4,10,7,3,4]]]]
Pair 42: (Y): [[5]] vs [[7],[2,[6,[2,4,5,6],2,9,[4]],7,6],[[]],[7,[[10,10,3,7],9,[9],8],5,[],10],[]]
Pair 43: (Y): [[4,4]] vs [[5,0,9,5],[[],7,[[1,4,9],[10,2,3,9,1],[],[3,8,5,6],0]],[],[1],[[[7],[8,3,10]],1]]
Pair 44: (Y): [[],[0],[]] vs [[[5],3,[[],[3,10,7]],0],[6,7,4,3,6],[3,5,[[3,1,0,4]]],[[3,[7],[7,1,8,6,1],7,[]]]]
Pair 45: (Y): [[[[3,1,0,3,5],3],9],[],[[],[],[[4,3],[6],4,[]]],[[],10],[10,[8]]] vs [[9,[6,7,[7,10,4,8]],1],[9,2,[[6,1],[10],5,10,8],[[2,7],5,8,[1,7,1]]],[[],4,[]],[[[1],9,9],[],[8],[[]],3]]
Pair 46: (N): [[[[1,1,8,4],5,[],[7,8,7,5],[]]],[7,[[1,0,7,8,10],[0,5,7,3,6],4,1],9,3,[[4,8,8,1,7],7]],[9,1,[2],10,10],[[[7,7,7]],2]] vs [[[]],[10,[3,[],[7,0],[]],5,[]],[0],[]]
Pair 47: (Y): [[2,3],[8],[5]] vs [[[[9,8,4],0,6,10,[2,0,5]],1,[8,[]]],[[5,6,1]]]
Pair 48: (N): [[6,4,10,1,4],[[[10,7,4,9,7],[7,0,5,7,5],6],7,6,[0]],[[[7,3,10,2],[9,4,1,3],[]],[[4,7,10],9,0,[5],7]],[[8],[[0,10],0,8],0,6]] vs [[4,8]]
Pair 49: (N): [[9,[[9,1,2,5,4],0,[4,1,2,0],[]],[1,[3,6,9,9],1,[2,9],[9,5,8,1]],2,4],[8,10,[[3,0],[0,8,1,10],6]],[]] vs [[[[3,3,8,8,7],[3,8,2,3],8,[3,1,5,9],[]],[[7,9,4,2,3],6,5]]]
Pair 50: (Y): [[1,[2,[2,4,8,8],5,9]],[8],[[[10],[]],1]] vs [[[[10],[0,5,1],[4,1,3,8],3,[0,8,5,10]],[[],[8],0,8],3,8],[[8,5,[7,2],[1,1,8,6,1],[0,5,8]],4,2,7],[[],[4,8,[2],6,3],6],[],[1,[[7,3,0,7,10],0,1,4,8]]]
Pair 51: (Y): [[[],2,[3,[7,7,4,3],[9,5,3]]],[[[],2,6,[]],8,[3,7],[2],9]] vs [[[[1,0],2],[2,3],[],[[6,1],0,[],[10,8,0],[3,0]],1]]
Pair 52: (Y): [[[],5]] vs [[[4,7,[10,10,5,9,2]],10],[0,[[1,4,1,4],[3,7,2,8,0],6,[],1],[[],[0,4,6]],[]],[[]],[2]]
Pair 53: (N): [[[[5,0,3],3,6]],[6,[0]],[[0,[7,7,7,1],[6,3,7,3],[9,8],3],9,[3,[9,10,7,6,8],[0,3,2,0],8,[5,4]],8,[[9,4],[1,5,4],[0,1,1,4,5],7]],[]] vs [[3,0,3],[6,[[0,6,5,6],[3,2,2,4,10]],[[],[8],[9,8,7],2,2]],[[],7],[]]
Pair 54: (Y): [[2,9]] vs [[[3,[]],3,0],[],[[],[],[3,0,2],[[5,0],[7,8,1,10],[6,5],[2],3]],[[[9,8,2,8]]]]
Pair 55: (Y): [[3],[10],[[[8,4,6,5,1],[0,2,4,0],[2,2,1,4,0],2],[5,[3,0,0,1,10],[6,8,3,7,6],7,2]],[[6]]] vs [[10,4,[]],[[7,2],[9,[9],[6,3],[9,1,10],5],6,[[],10,[0],[7],[2,7,3]],2],[[1,[],6,[8,5,0,3,2],[8]],[[1,3,2,1,9],[0,10],[3,0],[10]]],[]]
Pair 56: (N): [[2,[],[[2,3],[5],[4]]],[1,[[1,7,9,5,4],1,[],3]],[],[8,0],[]] vs [[[],[[6],9],[6,[4,0,6],7,9]]]
Pair 57: (N): [[5,[[],[1,1,9,3,9],[4],9,6],7],[6,[],[10,[9,7,5],[2,2,6,7,6],[0],4],[[]]],[[],9,10,[[],5,[1,5,0,4],9],1]] vs [[0,[[],5,5,1,[7,5]],[],0,10],[[[1,5,5,6,7],0,[0,3],[6,4]],0,3,6],[[1,[6,4,2,10,9]],9,3,[8,7,[7,7,1],5,6]],[9,0]]
Pair 58: (N): [[[[7,4],5,[6,6,0]],[1,[8,1,6],9],3,[[0,10],[0,3,8],[7,3,5],9],[]],[9,9,[[1,7,10,0,0],[2,1,1,6,4],[7,1],[],[7,7,5,9,5]]]] vs []
Pair 59: (N): [[[7,6,[1,8,0,7,7],[3,7,8]],[[0,6,6,2,1],1,[5,2,5,2,8]],[[],[5,0],0,6,[9,1,2,0,0]],4,3],[[[10,9]],10,4,[1,[10,7,1,3]]],[2,6,4],[5,1,[[2,5,3,8,7],1,7,[7,2,6,7],1],[0]]] vs [[],[3,10],[1,[[],[2]],5,9],[[[3]],8,0,[[0,7,10,9],9],2],[5,5,[[2,3],[7,7,9],9,[4,4,0],5]]]
Pair 60: (Y): [[5,5,8,3]] vs [[8,4,[[6,1,7,2],[9,9,9]],[[8],1,[],1,0],9],[[[],[9,10,9,2,5],3],6],[[],8],[[[3],[5,10,7]],[],[7,3,0,4],[6]]]
Pair 61: (N): [[]] vs [[[2,[4,10],[4,5,5],1],8,0,8],[2,[]],[[[7,5,9,0]]],[[10,9,[3,0,0]],[],6,6,3]]
Pair 62: (N): [[10,8,0,[2],8]] vs [[4,1],[[1,[8,6,10,1],[6,6,7,4,4],[],4],4,0]]
Pair 63: (Y): [[],[6],[[[2]],7,7],[[],[],[[],[5],[6,6,0,2,9]],4],[0,[],8,[],6]] vs [[4],[[5,[2,2,7,10,0],[10,8,6,6,6]],[[],[5,3]],[2,[9,5,2]]]]
Pair 64: (N): [[8,[]],[[[6,2,8,3,3],7,7,0],[[8],3,10,0],6],[4],[[[4,2,2,0],[8],5,2]],[[10,1,6],[[4,2]],10]] vs [[[],10,8],[0,9,8,[[7,5],[3,6,7,4]],4],[6,2],[2,[4,[10,8]],1,[3,[9,7,8,3],4]],[[4,[3],[10,7,2,9,10]],0,1,9]]
Pair 65: (N): [[3],[],[[10,10,[3,7,2,9,7],8],4,8,6],[4,[],6]] vs [[0,5,[4,5,[],[9,2],[8,2]],[[4,4],3],[6]],[]]
Pair 66: (Y): [[3,10,8],[[[1]],[2,[],1,4,[5,7,3]],[10,[7,6,8],3,4],[10,8]],[[],[[2,9],[]],0,8],[8,6,2],[]] vs [[5,6,[10,5,[]],[5,5,0]],[[[],9,[8,1,10,4]]]]
Pair 67: (N): [[[[],4,3],[[1,6,1],0,4,3,[]],[[]],[[7,6,2,2,0],8,[0],10],[]],[[[0,1],[]],[[2,1,6]],[6,0],9],[[2,0,3,[10,10,10,3,0]],2,[0,[4,6,7,6],2]],[[[3,2,9],3,6],3,9],[6,[[3,3,6,8],0],8,[]]] vs [[10,[4],10,0,1],[[2,[10,10,0],5,8],0,6,7],[1,8,[[10,9,10],9,2],3],[2,10,[0,8],[8,2,1]],[[],[10,6,0,5,[4,6,7,3]],[0,9,2],[2],0]]
Pair 68: (N): [[[5],[5,6]],[0],[9,[4,[5,10],[10,3,8,9],6],1],[0,8],[]] vs [[[0,[0,9,9,1,1]],[],1,[10,[]],4],[[5,[],[1,4,6,5],[]],[]],[[3,[],0]],[4,[[],[1,7,8,1]]]]
Pair 69: (N): [[[[9],9,[6,6,7,4],0],7,[[4,1,7,2],0,[10,10]],[[8,4],8,7]],[[],[[4,9,0,6]]],[5,[[],8,[5],10],4,[7,7,[8,10,6,0],8]]] vs [[[],4,1,[[6,1]]],[8,[[10,0,4],[5,3,7,2,0],4],9],[[6,[7,6]],5,[9,[4,1,6,10],[2,7,8],9]],[],[0,[[9]],6,[2,10]]]
Pair 70: (N): [[[],6,[],1]] vs [[8]]
Pair 71: (N): [[[],[[10,3,5,1,1],[5,4,4,6,1],[],[0,0,7,10],7],[[4,7,2,8,1]],[2,[5,2,7,2,4],[7,0,7,9]],1],[[[1],0,[6]],[[7,0],10,[7,5,9]],[[3,0,2],[4,4],7,3],4,6],[[4,[6,0,3]],9],[4,[8,[8,0,9,8,6]]],[4,[[7,7,4],2,[],5,3],[8,9]]] vs [[8,8,1],[[],[[1],[0,7,4]]],[8,[[5,6],7,[4,7,4],[1],3],1,[7],1],[3],[2]]
Pair 72: (N): [[8,[[2]],[[6,2],7]],[]] vs [[2,9,2,0],[[3,5,3],5,9,[4,3,5]],[]]
Pair 73: (N): [[[7,[],3,8],[7]],[10]] vs [[3,3,4,[[],9,[10,5,1,1,8],6,9]],[]]
Pair 74: (N): [[7,4,3],[[[6,2,5],[5,5,9,8,9],[9,7,6,9,3],[9,1,4,2],7],7],[[10,2,[7,2,3,7,3],[3,9,3,8]],8]] vs [[[[7,0,3],3,[5,5,1,2,6],[2,6,5],[9,0,8,8,6]],2],[6,7,[[0],[5,2,0,5,0],6,[0,2,1],[1,7,6,1]]],[[[8,7],1],5]]
Pair 75: (Y): [[],[0,10,[[9,3],6],[4,2,[10,4,1]]],[[],[],[4,[6,6,5],1,6,[3]],[2,3,6],[7,[]]]] vs [[8],[[2,[5,7,5],7,[2],6],6],[10,[9,1]],[3,5,[[10,9,1,2],[4,4,8],2,8],7],[1]]
Pair 76: (N): [[[[4]]],[[],[7,[8,1,10],[],10]],[[1,6,[10,7,9],2,10],4,7,[[7,3,5,5,6],4,[3,10,5,6,5]]],[[[9,10,1,10],[10,6],[0,1,8,2,6],[],10],[[],7,[3,9,3],[]],[7,[1,0,5,3],[9,1,8,6]],0],[2]] vs [[0,[[],8,10,[],8],[[3,9,4,8,8],5,[3,6,9],[4,4,1,6,8],[10,8,9]],[]],[10,[[2,2,4],4],[2,[9,0,9],[9,8,3]],9,[]]]
Pair 77: (N): [[[[3,3,2],2,1,2],[[7,8],[10,2,3,10],4,[]]],[]] vs [[[[1,3],8,0],[[3]],[],[10,3],[[]]],[10,[[2,7,8,2,0],[5,7,3,4],[0,5,0]],10,7,4],[[],[10],4,[[9,0,0,3,1],1,0,4]],[[1,[6,7,5,1],9,[6,8],10]]]
Pair 78: (Y): [[[5,[4,0],4,[8,2,1,7,3]],7],[5,10,4,9],[8,2,[[],[2,5,0,7],8,3],3,1],[[5,[0,10,10,2],[7,5,6],0,4]],[5,[[1,7,5,9,10],[],[4,4,3]]]] vs [[[[8,5,9,6],3],[],[[7,0,2,4,1]],9,6],[4,0,8,3]]
Pair 79: (Y): [[],[6,[7,[7,6,4,10,10],[],0,[]],[1],[[1,4,5,9,8],6,[6,4,2],[5,3,7],10]],[6,[2,3,10,[0,6,9,10]],[0],[[10,2],4]],[[[],1,0,[],7],[[0,4],5,[9,3,7,10,1],2],0,4,4]] vs [[0,10,8],[[8,9,[1,10,9,3],2,1]]]
Pair 80: (N): [[5,4,4,10],[[]],[4,2,[3,6,10,10,[5,7,9]]],[0,4],[9,7,9,4]] vs [[],[1,[[]],1,0,[10,[]]]]
Pair 81: (=): [8,8,4,6] vs [8,8,4,6,10]
Pair 82: (Y): [[[[6],1,6,4,3],9,[],[[6,3,7],3,[5,2],0,[10,1]]]] vs [[7,5,5,7],[],[[8],3,9,8],[[[7,10],[3,1,4,0]],[7,8,[3,1,10],[4],[7]],[[]]]]
Pair 83: (Y): [[[[5,4,1,10,8],9,[2,0,2]],[[7]],[[],2,[1,1,5,1,7],9,[5,9,10,1,4]]],[[9,6,3]],[5,[5,7,[],10,[8,1,0]],[[10,5,10],1,10,4,[4]],10],[1,3,9,[[0,7,7,2],9,[4]],[0,[0,2,7,5]]],[2]] vs [[[[9,1,2],[8,0],10],10,[[],6]],[7,7,0,4],[[2,[4]],[],[],3,[[3,1,2]]],[[5]],[6,5]]
Pair 84: (N): [[[[1,7,5,3]],0,6,[[3,8,0,9,0],[],[6,7,10]]]] vs [[],[],[9,[0,8]],[],[[[0,7,7],[],[2,10,2,7,6]],[[7,8,5],5,[3,1,9,0,8],8],[7,[8,10,6,3],0],[]]]
Pair 85: (Y): [[6,4,3,[[7,6,10,3,8],[6,2],1],7],[[[4,5,3,0]],[3,[1,9,10],2,10],6,5],[],[[10],8,[9,7],2,[]]] vs [[[[9],4],[3,[7,7,6]],[],7,[10,7]]]
Pair 86: (N): [[2],[[[3,4],2,[9],[5,8,8,0,2]]],[5],[1]] vs [[[[2],7],[]]]
Pair 87: (N): [[],[[],1,[6,[9,1,2],[],[6,7],[0,7,4,3,8]],7],[[[1,7,8],9,1,[9,2]],[[5,2,10],[6],4]]] vs [[10,[2,6,5,9],[[4,10,0,10,4],[8,3,3,9,7],[5,0],8,9],5,10]]
Pair 88: (Y): [[[2,0,[2,1,0,0,5]],10,[],0,10]] vs [[[3],5,[5,[4,2,2,8]],1,[6,[]]]]
Pair 89: (Y): [[],[],[6],[[],[6,0,[3,8]],5],[6,2,1,6]] vs [[5,[],6,9,9],[],[4,9],[2,[10,2],8,0,[8]],[[[5,2,10,8,10]],[6,10,[8,9,5],[],[6]],7]]
Pair 90: (N): [[5,[10,0]],[[7,6,[6,0],7,[4]],[],6,[5,[7,0,6,3]],[4,[],4,[1,1],9]]] vs [[],[[[7,8],[2],[9,3,9],8,8],[]],[[[2,2,4],[2],1,1],[4],[6,2,1]],[[[5,1,0,2,0]],[[1,7,5,7],[]],[],4]]
Pair 91: (Y): [[[[4,7,2,8]],[[9,3,0,7],5,5],1],[[[2,9,2]]],[[[4,8,8,10,7],4,[10,8,4,3,7]],3],[[[8,1],[10,8,2,7,8],5,[5,8,6,9],[0,9]],5,0],[4]] vs [[[8],[[3,2,0,1],[]],[0,[],[7],[4,5,7]],10],[1]]
Pair 92: (N): [[[[10,4,9,6],[5,5,4,5,4],1,[1,1,5],8],[7],7,[0]],[[[2,8,5],[0,5,2]]],[]] vs [[],[[[],8,[2,5,3,9]],[],[4],[10,7,8,8,[]],8],[[7,2,[0,0,0,5,1],[10,2,10,5]],6],[[[3,5,3,9],10,[],9],[]],[]]
Pair 93: (N): [[8],[[3,[0,2,8],8,[]],[[3,9,2,4],1,[9,10,6]],[[7,4,6],[3,7,4],[],2],8],[],[2,[2,6]]] vs [[],[[[5,6,2,4],[1,9,10,1,10],[1,6,0,7,3]],[[10,1],[4,7,4,0,1],[3,4,4,8,7],[5,10,4,0,8]],9,[2,9]]]
Pair 94: (N): [[[7,8,6,8,[2,3,7,1]]],[9,[5,8]],[4,5],[[[]]],[[[0,4,8,10],3,5,7,2],6,[[],8,7,6],[],[8,1]]] vs [[[[],8,[1],[6,3,8,0,3],10],[[],[]],[[7],2,[],6,[]],3],[[2,[],4],7,[[6,4,1,9],[4,4,1,5],[6,7,1,3],[10,1,0,8]]],[[1,0,[]],[[3,5],1],[6,7,4],[3]],[6,[],[10,[8,9,3],1,[5,3]],[[1,3,4,9,8]],[9,10,[5,1],1]]]
Pair 95: (Y): [[0,[[7,2,1]],0,[9],9],[[],[]]] vs [[6,10,5,9,[[],[0,9],7]]]
Pair 96: (N): [[7,[[4],4,[0,6],[]],[4,3,1,5,1],[6,[10,10,1]],0],[],[[[10,0,10],4,9],7,2,2,7],[[[6,10],[9,4,9],[1,9,10,7],[7],[4,3,3,7]]]] vs [[0,9]]
Pair 97: (N): [[[[],5,[],[4,8,1],8]],[0,4,[10,[8,5,10],[7,8]],[[7,3,7],[2,6,6,6],[],[8,1]]],[4,[],[[9,1,2,1,5],[10,4,5,10,3],8]]] vs [[10,[4,[6]]],[[2,[0,4,3,4,4],4],0,3]]
Pair 98: (Y): [[[],[]],[[3,1,[3,4,10]],[1,[3,3,5,4,8]],10],[2,7,4,[[1,4,2,8],[5,10,0,7],2,[7,2],1]],[[],[]],[[[4,0],8,4],9,6,[[9,2,3,3]]]] vs [[[6,5],5],[1,7,6,5],[[10,[0,7]],8,0,5],[[[4,1]],[[],[2,6,7,4,3],6,[9,7],[0,0]],[[6,9,9],[2,4,1,2],0,6],[3]]]
Pair 99: (Y): [[1,[[7,10],5,10,5,[3,2,3,7]],[2,10,2,0],10],[[8,9,[4,8],8],[[5,7],[1,4,8,10],1,5,7]]] vs [[[5],[9,[8,4,10,3,10],4],9,4],[[2],9],[[4,5,0,[7],[0,1]],[[0],[6,2,3,10]],9,5,[[2,7]]],[[0],[[]],[[]],9,1],[8,[0,[9],[],[2,4],[10,6]],2,7,4]]
Pair 100: (N): [[2,[1],2,2,4],[],[[9],10,[[4,7,10,2,2],[5]],2],[[0,[3,7,8,4],[],10],2,[[],[4,6,2,10,5],[7],5]]] vs [[],[10,10]]
Pair 101: (Y): [[[],9,[7,[1],2,[],[10,3,6]],2,10]] vs [[1],[8,10,[[7,1,6],[6],[],[2]],[]],[]]
Pair 102: (N): [[[[2,6],10,10,[10,8,8],3],9,[[8,9],2,8,[0,2,2],5],4]] vs [[2,8,0,0],[[[7,8,8,7,10],[0,0,2,5,0]]],[8,[[10,1],[],[7,0,1,6],5],[[],0],[6,4,0]],[4,[8,[3,2,0,4,5]],[]]]
Pair 103: (N): [[[]]] vs [[0,[[5,3,4,4,2],[5,7,7,7,1],[3,1,10,3,5],4,0],[9,7,10,[4,3,4,0,3]],7],[],[[[1,10,9,0,9],8,[2,6,0,10,7],[7],0],5],[[]],[[[6,1,4,9]],6,[[10,8]],4,2]]
Pair 104: (N): [[10,[4,[5,3],4,1],[[0,5,1,1],4,10,[8,6,5,1]],0],[[5,2,[]],4,10,[[]],7]] vs [[],[[5,0,0,7],4],[[[]],[1,[]],[6]]]
Pair 105: (Y): [[],[[[4,7,7,6,10],5]],[],[5,10,[[3,0],[5,1,9,0,3],9],3]] vs [[[],1,2,2,1],[[3,[0]],1]]
Pair 106: (N): [[2,4,[7,1,[2,1,10],10],7]] vs [[],[[4,[1,8,10],[0,5],[4,7,6,3,9],1],[1,8,[4,10],8,[6,1,3,1]],[[2,7,5],[7,10,9,2],2],[8],[0]],[10],[[[0,5,5,4]],9,[[8,0,1,0,9],4],[[10],[4,1,2,0]]],[[[4,4,3,1,8],9,3,[5,3]]]]
Pair 107: (N): [[[],[[7,8,8,9],2],[3,9,6],[3,8]],[3,1],[3],[[0,0,2]]] vs [[],[[6,8],[[]],[],9,[8,[],7,7,9]],[[7,0,0],[[],[]],[7],[[7,0,6,1,10],8,[1]]],[3,5,[],[[1,10,0],7,[9,7,3,10],2],8]]
Pair 108: (Y): [[[0,[5]],4,5,1,[[3,4],1,[5,4,7,5,1],[1,8]]],[7,[1,8,8,[3,2,8],9],[],[9,7,5]],[[],1],[]] vs [[[[1,2],[2,10]],9,5],[[[7,1,9,9],5,0,[],7],2,9],[],[2,[3,3,[3,8,0,8,1]]],[1,[[6]],[[7,10,5],6],[]]]
Pair 109: (N): [[6,7,6,[[],[0,4],6,2,[1,6,9]]],[5,[1,[7,5,10]],8]] vs [[[3],9],[2,9]]
Pair 110: (N): [[],[8,[[9],7]]] vs [[],[[8,10,7,9],8,[[4,6,4]],[[5,1,2],4,[9,3,5,1]],5],[[],5,[[7,5],[]],[3,0,[4,2,8,0]],5],[[4,2,7,6,5],[3,1,5,7,[6]],6],[[9,5],[2,[2,1],[0,9,1],3],[[10,6,1,1],[0,9,7,6,10]]]]
Pair 111: (Y): [[],[[6],6,8],[8],[3,[1]]] vs [[[6,[],[4,0,10,4]],[7,6,2,[4,1,2]]],[[[6,1,1,7]]],[[10,10,1],[10,4,1,10,[3,2,0,3]],5,[[],[0,10,9,2]]],[]]
Pair 112: (Y): [[[],4,[5,[8,10,4],2,4,[7,8,3,4]],8]] vs [[9,[5,[4,9],[8],4,[5,10,10,5]]],[5,[[0],[10,4,10,2],[]],5,0]]
Pair 113: (Y): [[[0,10,7,1,[4,6,2]],[[9,9],5,[]]],[1,[[10,2,0,7,0]],5,7,[]],[3,[[],8,[],[7,3,4,10,1],[5,6,3]],2],[],[]] vs [[1,5],[6,6,7],[],[[[9,9,7,2],7],[0,0],6]]
Pair 114: (Y): [[],[[],6],[2],[2,9,0,9]] vs [[3,[2,[6],10],[[],[3],8,5],10],[[],[[0,8,2,7,1],[6,5,1],8,[0]],[[8,4,2,8],0],[2],4],[],[10,[4,[4,2,2,1],2,0,2]]]
Pair 115: (Y): [[],[],[[],[0,8]],[],[]] vs [[[[5,7,7,2],7,5,2,[10,2,0,2,1]],2],[6,10,2,[]]]
Pair 116: (N): [[[1],[8,4],[[3,7,5,2,5],5,4,[0,4,7,0],[1,5]],7,[[9,5,3]]],[[9],[],[[5,1],5,1,6,1],[0,[10],6,8,[]],[[9,5],[8,0],[7]]],[[6,9],[[3],6,[2,1],[0,3]],9,[],4],[4,[7,[5,4]]]] vs [[[]],[[1,8,[4,8,7]],7],[[]],[[2,[2,9,5],[2,6]],[[3],[0,10,7,9],[2,4,1,3,6]],9],[[9,9],2]]
Pair 117: (N): [[10,[[2],[7,8,7,7,9],3,[6,4,6],6],[[10,8,2,7],1,[8]]]] vs [[[[4,7,4,0,1],6,[9,6,8,1,3]],[[],9,[]],3],[[9,[],5,[],3],[[1],6],3]]
Pair 118: (N): [[10],[],[4],[[],[1,5,[5,5,6,6]],[[1,3,7],[8,6,0,3],[2,9,1]],[]]] vs [[2,1,[6,[8],2],[6,[9,2,0,7,3],[8,10],2,[]]]]
Pair 119: (N): [[[[1,5],10,[4],4],7],[[6,3,[4,1]]],[4,4,[],6]] vs [[],[0,[[5,6,7,10],0,[6,10,2,4,7],4,[6,10,10]],[1,0,0,[3,7,3,6]],[3,1]],[[[9,3,9]]],[0,[7,8,9,[4,2,4]]],[0,[2,1]]]
Pair 120: (Y): [[[1,1,[],10,[6,4]],4],[3,6,9,[[8,9,3,1,7],1,0,7,3]]] vs [[[1,[8,8,4,5],[]],[[10,8,3],[3],[7,2,4,6,1],8,[6,10]],2],[0],[4,[2,[5,5,1,8,9],9,8,3],[7,7,9],7]]
Pair 121: (N): [[10,8,7,[8]],[[],[[8,8],3,9,[10,0],3],[8],0,[0,[9,3,3],8]],[[6],3,10,7,[5]],[10],[[],[]]] vs [[[3,9],8],[[[3,3,2,8,8],10,9],6],[[[4,2,4],[3,1,5,4,2],4,1,1],3,4]]
Pair 122: (Y): [[],[6],[4,[[1,2,0],[2,10],10],8]] vs [[[7,2,7,0,2],[[4,4,0,1],6,[],[2,8,1]]],[[0]],[[6,[9,6,9,3]]],[[3,[1,5],[8,9,2,9],7],[[],[4],10],1,[[4,7],0,10,6],[]]]
Pair 123: (Y): [[8,2,[[0,7,3,0,0],3,2],[[],[10],[],[1]],[8,[],[6,6,2,5,5],[6,9]]]] vs [[[9,[7,0,1,8],[],2,[]],[5,2,[2,7,1,9,10],5,[0,7,8]]],[5,1,[[6,10,5,5],[0],4,0,[2,5]],0,6],[7,7,[3,2,1]],[[[9]],9,[[],[3,6,8,5,10]]]]
Pair 124: (N): [[[[9,1,5,10],9,5,[1]],[[8,2,3],[4],[8],[4,4,5,9,5]],8,5,9],[5,[3,[2,4,5],3,8,2],[[3,0],1,[9],[10,1]]],[],[2],[]] vs [[[[2,1,5,9],5,[5,0,5,9,1],8,4],6,1,4]]
Pair 125: (N): [[[[0,5,0],0,1],[]],[[[6,6],8,[1,4],7,[7,4,2]],[],[[7],9,10,[0,10]],[4,4,[]]],[[[0,5,0],6],0],[10],[[4,[10,0],[7],3,[1,1,9,10]],6,[],3,[[0,8,8,2,5],[4,6],[],10,9]]] vs [[[]],[[[0,3,7,5,8],6,6],10,[[],[7,8,10,3,9]],1,[]]]
Pair 126: (N): [[2,[],[5,[9],10]],[5,[[]],3,[5,3],2],[[[],0],[8,[5,10],8,1]]] vs [[[1,7,[0,4,1,2],[10],9],[[3,9,2,10],0,[],[8,0,5,7,0]]]]
Pair 127: (Y): [[5,[],[],8]] vs [[5,[6,[]],[[3,0,4,4],[4,1],[1,3,2,5],10,2],[[]],[]],[],[2]]
Pair 128: (N): [[2,3,4,[[6,1,5],0],10]] vs [[],[]]
Pair 129: (N): [[10,[],5,4,[[1,5],1,[5],0]]] vs [[1,[[2],9,[]]],[[],3],[3,8,[6,1]],[[1],[10],7,8,3]]
Pair 130: (N): [[[5],[0,6,[5,7,9],6],[]]] vs [[[],[4],10,[[]]],[2,[[10,9,1],[],[]],[[],7,10,[7]]],[[3]],[[[4,2,5],1,[3,6,0,1,3]],0,[[4,4],[5,8]]],[0,[[6,2,10],7,4,[],[]],[8],2,[10,6,[8,4,2]]]]
Pair 131: (N): [[7,[5,7,2,[8,0,2,0,3],[7,5]],[]],[],[[[],[5,6,3]],[[5,4,1]]]] vs [[[2,[9,5,3]],1],[[[10,9,5,2],5,6,[],[]],8,5,9],[7,[[],5]]]
Pair 132: (N): [[[10,[3,10,0,8]]],[[[],8],1]] vs [[4],[[]],[[[],1,[7,3,1,4,0]],[[8,1,7,3],[3,8,3,7,6],[7,0,1],[]],[10,10,4,[],[6]]]]
Pair 133: (N): [[7,[[1]]],[],[9,4,[],[[5,9],[5],[3,4,4,2,4],10,[7,0,6,1,6]]],[[],2]] vs [[7],[6,[6,0,[5,8,5,2],10,[9,8,10,8]],0],[[7,[3],[0,4],[7,0,6,7]],[[8,6,2,9],4],7],[5,[[2,8,8,6,1]]]]
Pair 134: (Y): [[],[10,[9,[],5,8,3],[[10,0],[2,2,9,8,10],[5,7],[2],2]],[[[3,10,6,1,4],[5,6],[],6,[6,8,6,0]]],[],[]] vs [[8,10,[6,[],2,4,6],0,[[0,5,6,3],5]],[[8,1],2,[],[[6,10,7,4,4],[8],[8,5,10]],[3,5,9,6]],[[9,[6]],[[10,4,2],3,4]],[[3],3],[[],5]]
Pair 135: (N): [[[[0,4,0,1,5],[0,10,6,10],[10,4,10],[0,2,5],[0,10,6,8]],[5,7],[[7,7,10,10],[3,0,2],7,[]]],[3,[]]] vs [[[],0],[0,[[8,10],3,0,10]],[5,[[5,3,5,7],1]]]
Pair 136: (Y): [[2,[6],8,7,1],[[[10,9],[9,10,6],5,[8]],6,[9,[1,9],[1,9,4,8],6],[[9,0,8,4],[7,2,8]]],[3],[[[5,1,1]],[9,[0,1,3],1,[8,5]],7,8],[4,[[6,6],2,4,[9,1]]]] vs [[9,[8],[],2,2],[0],[4,[2,1,[6],[],10],[[1,5,8,0,10],1,[1,8,10]],[10,1,[4],[8,5,8,5,5],4]],[10,[],0],[6]]
Pair 137: (N): [[[[1,1,10],8,1,[8]],[7,6,4,3],4],[[[3,2,4],7],[10],9,[[0,2,1,0,3],10,2],[[],[9,0,2,4,8],1,7,0]],[[[0,0,0],[],8,[7,7,7],9],[]]] vs [[1,[[],[2,3,4,3],3,[5,0,4,3,7],1]],[0],[],[6],[[[8,6,0,3,9],9,8,[10,3,10,10,6]],[3,[6,3,5],[4,0,7]],8,0,[6,4,[6,6,4,8,4],[6,7,10,1,3],9]]]
Pair 138: (N): [[8],[],[[[3,7,7,7,7],4]],[2,[7,[],3,5]]] vs [[[[],3,9,[10,3,8,10],[]],10,1,4],[3,[5,[0,9,8],[3,4,0,1]],[[1,6,1,7],1,[5,4],5],[]],[[4,[6,9],[3,10,9,0,5]],[[],5,[1,6,9,3],6,[5,10,6,10]],[3,[0],[6,8,6,0]]],[4,7],[[[2],[8,5,9,1,5],[2,8,3]],3,[0,[9,3,1,4,9],[6]],10]]
Pair 139: (Y): [[8,[],[3],3,5],[6,1,2],[],[],[[[4,6,10,1,3],1,1,6],3,[],[[0,2],5,[],[5]],[[9,7,0,8]]]] vs [[10,[]],[[[],5],[4,[6,2,10,8,9],[8,4,3,10],[8,3,8,0,5]],5,[[],[2,0,10,2,5]],7],[3,[],[5,6,4],9,0]]
Pair 140: (Y): [[[[1,7,5,1,4],[5]],0,[[5,6,6,7],[5],[4,2,8,6,6]]]] vs [[6,[[4],10],[]],[],[[3,5,[2,2,1,7],[1,8,5,1]],[0,6,[6,6,10]],0,9,5],[[]],[[[6,4,8],1,[7,7,7,0]]]]
Pair 141: (N): [[[],[],8,10,2],[]] vs [[],[8,[[4,8,2,9,3],[4,0]]]]
Pair 142: (N): [[[[],0],[[],10,8,9]],[[6,5,3,[3,7,3]]],[[[5,0,2,3,9],9,8],[0,3,[3,2,5],9],2,3],[[2,8,0,[4,2],2],2,[[8,3,10,0],[3,0]],0]] vs [[6,[[5,4,4]],3,7,0],[[[5,0,10,9],6,1,[10,9,5],[4,4]],[5,[1,6,9,10],[],0,[]],[],9],[1,[[5,10],10]],[3,[],[[2,10],[7,5]]],[[1,[0,7,8]],[[6,0,5]],8,8]]
Pair 143: (N): [[4,6]] vs [[[[1],[5,0,2,7,4],[3,0,1,2]],0,[10,[10,2],9,[9,6,1,7],5],[[10,0,4,4],[4],3]],[6,2],[1,[5,9],9,9]]
Pair 144: (Y): [[[2,[8,9,3],4,2],[5,4,[],[3,3]],2,8],[],[[[8,5,6,7],[10,0],[7,2,5,5,4],6,[3]]],[0,[0,[]],[[4,7,9],4,[3,3,8,2,8],8],[10,[],[4]],5],[[[7,10],7,[0,3,8],[4,4,8,7]],[[2,0,5,1,5],0,6,[4,1,8,4,5],7],3,[6],[8,[],2]]] vs [[10,[1,[3,8,7,5],[2,3,3],[3,3,3]],[7,1,[],[5,8,7,9]]],[[4],[8,1,4,[2,3,9]],4,[8,8,[8,10],[9,7,6]]],[1,[10,1],5],[[],[[5],[]],[[10,10,5,4,10],[9,0,0,8,3],[],[0,4,0,4,9],3],3,[[],[5,0],10,[3,5]]],[[[9,5,1],[4,5],8,1]]]
Pair 145: (N): [[[]],[8,[[10,4,8,4],[1],[6,2],7,9],8],[7,2,[[2,3,0],[5,0]],8],[[2],0,4,6,7]] vs [[1,4,[[5,10,6,5],8],1,10],[2],[[[6,9],[3,2,9,7,6],[7,10,3]],[3,[4,3,4]],10,4,2]]
Pair 146: (N): [[[],[3,[]]],[[[7,0,3,3,6]],[3,3]]] vs [[0,9,8],[4,9,[3,[2,8,7,2]],4],[8,0],[4,0,7,[]],[]]
Pair 147: (N): [[8,[[2,4,0,2],[5,10,2],9,[3,5]],7,[5,[4,5,6,3],[4,7,10,0],7,1]],[3,7,[2]],[[[9],3,[10,8,0]]],[[4,[],[9,7,0],[5,4],8]],[[],[9,[0,10,1,3],[4,5,8],2,6],9,[1,0,7,[0,1]]]] vs [[[[6,5],[7,7],[8,5],1,7]],[4,[0,10,9,4]],[[6,[5],0,7,[10,9,3,6,4]]],[[[0,3],[1,3,3,8,0],2,4],[9],[]],[[[8],0,[4,6,2,4,3],3,[]],[[6,4,10,7],2,1]]]
Pair 148: (N): [[9]] vs [[[[8,9],[2],7,3,7]],[[],[[8],[],[3,4,4,2],2,5],2],[3,6,10]]
Pair 149: (Y): [[[],2,1,3,[]],[10,[[],[8,1],3,8],[[],[],[4,7,1,6,10],[1,9,1,6]]],[[],9,[1,[1,0],[4],[],7],8],[],[4]] vs [[[6,8,9,[10,1,2,2,2],[4,0,4,2]],[[5,8,3,2,7],9,0,1,[8,7,3,6]]],[]]
Pair 150: (Y): [[1,[],4,10,[[6]]]] vs [[9,[[9,6,10],8]],[6,[5,2,[4,9,2,7],[9,7],10]]]
Sum of indexes of right-order pairs: 4566
Time taken: 148.3907ms
